16
2
1 50
2 149
3 14
4 243
5 115
6 135
7 84
8 192
9 167
10 201
11 252
12 219
13 82
15 158
16 111
17 74
18 93
19 52
20 98
21 230
22 35
23 162
24 30
25 136
26 176
27 123
28 211
29 62
31 249
32 157
33 138
34 255
36 250
37 54
38 96
39 113
40 205
41 127
42 159
43 231
44 210
45 46
47 183
48 72
49 121
51 173
53 147
55 142
56 65
57 61
58 90
59 161
60 70
63 92
64 160
66 122
67 221
68 247
69 216
71 193
73 222
75 170
76 166
77 225
78 144
79 175
80 178
81 185
83 215
85 154
86 100
87 234
88 109
89 177
91 151
94 140
95 164
97 240
99 152
101 102
103 232
104 105
106 169
107 251
108 131
110 141
112 171
114 254
116 209
117 235
118 229
119 182
120 206
124 217
125 223
126 197
128 156
129 198
130 220
132 148
133 244
134 155
137 228
139 194
143 207
145 199
146 236
150 172
153 241
163 208
165 213
168 203
174 181
179 233
180 246
184 214
186 253
187 218
188 202
189 237
190 212
191 242
195 204
196 239
200 245
224 226
227 256
238 248
